53149
64589
42702
61865
45388
36326
25231
13617
35421
29269
47154
19369
11922
50871
39286
56181
58983
16137
56384
5247
47087
4903
42557
17420
54618
25171
36172
29569
13257
18265
60660
62033
28441
42091
29492
62114
25434
62773
11060
4025
55281
56295
49731
35641
23668
19230
36309
52441
242
3865
4044
40331
60494
31918
41915
15829
22646
26662
25624
50419
7923
29181
41968
48667
34317
44946
63595
12450
16425
47691
22646
49555
47690
1326
24355
26414
44016
50971
627
56217
61480
56213
52047
8583
44529
17682
47008
44658
47879
52916
52266
14337
32883
54
3126
26644
57717
51721
6246
29311
13496
8519
22442
27486
4672
6027
62512
27389
61394
47712
34297
51003
30343
23662
21588
38913
28756
35104
12892
10029
49360
15670
8180
682
17009
36082
48028
64321
40524
24265
55723
8813
24936
36934
7523
44932
7371
48759
34851
54962
18006
3021
40260
60751
44323
59167
60765
31971
36293
56077
50513
2852
59121
24048
64327
44965
28309
4567
47484
483
6144
48492
64347
21055
13851
57979
45082
30868
63170
22962
3676
10607
56968
60611
14662
47629
33956
62753
32878
26936
40448
32269
3068
45618
18979
232
60708
19809
64996
17173
17184
25236
39919
8484
22078
2216
41803
44095
20444
39082
34193
12405
7978
5360
29339
52595
27130
4601
19263
52056
22163
13549
8643
53984
61984
42189
12786
32666
54910
17927
40342
15412
3369
30313
25060
6310
35529
22397
57380
61472
47855
49615
17651
9637
40217
23052
63298
57908
52804
13444
47023
49803
23665
8594
882
30057
30450
28905
49402
57761
30217
24701
59632
65004
33276
55320
18826
53030
31791
47868
17827
50424
3967
22364
31152
27910
51000
3640
13
47569
16610
38832
63792
45266
29640
36381
27813
35644
19775
38875
18972
17011
41218
27239
38948
15603
32042
27670
56557
46655
6244
16900
48808
27898
51782
39001
18771
49514
14437
51721
22721
25824
16980
15535
19578
62475
20996
45997
28875
49970
55451
5433
51899
63502
43257
2857
9250
463
987
8637
6125
4330
60716
65378
19733
24010
25145
41700
14052
39911
21396
16563
21429
44557
40901
64905
38329
40263
27586
60234
3267
34299
1925
65215
2548
64170
28318
16363
24441
39339
31287
60778
29889
57200
2593
17420
9194
47496
303
53389
33958
60421
40224
49295
19749
58228
55029
21433
32647
15683
27997
64679
64368
55215
35478
48429
56540
3436
41348
152
33838
22565
54739
31647
48486
44124
44993
8803
54871
47335
55694
60350
64204
53489
33036
7324
58261
45292
46885
6099
40679
53715
49271
62951
57178
27232
59561
24108
4022
10263
44276
36321
13974
43556
19734
7467
8740
47723
19315
47738
7135
34367
39152
48664
37687
54194
1621
32512
25891
35677
48895
47652
7234
21593
40578
3164
16707
25004
61446
32559
29741
41409
53679
59456
64819
63910
935
27714
5376
4991
16535
53074
43374
2458
30674
30681
35373
8792
61237
42121
61927
11539
46976
29782
24921
26933
12363
1609
58310
18259
1162
20822
38033
40065
60606
61435
44424
58005
13269
10922
27192
63634
65164
9506
40816
9677
26174
28730
21526
19502
50804
306
54091
41738
3046
62480
19526
45113
14982
44454
60394
45249
51922
13902
35855
12834
27447
44578
19961
14488
21762
55509
15810
12968
58299
10388
3314
59012
54639
48852
63538
65261
22956
19874
34913
27464
24210
65175
26486
13845
55123
52192
24261
5544
45158
30260
33772
57817
60171
18068
60578
24038
48910
34308
7613
50367
28063
24329
1973
8025
40580
11779
20567
17646
8343
64945
1861
9256
56057
36213
42653
34513
48333
11933
29708
22411
53474
36473
21948
48879
2255
4864
60210
27413
19134
22896
63986
32450
13780
8154
55628
64481
34337
1604
44458
50269
4437
8168
45936
19634
50317
58387
10421
57658
37010
13691
15798
31320
47136
39361
53921
57469
55940
26346
16323
42992
28456
21600
22605
61820
15388
5790
49462
193
56608
12953
25174
32615
25020
9730
35093
38374
49828
7781
32506
2901
51275
26839
9361
3570
33123
20676
12161
37397
38755
31911
10935
54597
23582
52566
20052
17290
64876
3685
52214
64962
48695
15853
45130
38258
46491
5745
64890
17686
26980
47234
63708
18386
38713
39305
47579
51400
54142
9271
5697
50552
60584
2916
57745
51130
37268
9261
49059
26443
55284
34305
16174
28893
26787
43377
40176
34121
14859
42718
5205
10033
32684
36686
29953
60540
26816
2474
24032
54116
14852
61348
56320
17739
32598
1575
44750
54175
29712
12087
24934
12756
15403
36163
6843
55891
14291
7173
10731
28753
11697
49066
10784
38171
33281
55830
14138
6575
26605
7765
15251
17666
23403
50516
23632
10434
6924
974
1726
35262
24078
57701
724
53984
10967
27455
11979
33212
47121
60052
29388
57022
22032
59508
62329
2297
57970
40247
17281
4803
37888
6760
6438
20761
35897
21295
63858
2135
3522
53271
4450
17710
44654
43368
39590
11718
32792
36240
18169
11288
22572
31096
12239
33981
57808
7574
12666
50313
34186
5563
48623
46982
57852
25161
32164
42489
16177
24730
16778
29564
12446
42395
10562
2596
21468
2511
39317
37733
35699
16532
60008
17124
14370
63197
7571
34991
14339
36522
39697
2157
64563
40449
53176
40617
60202
51363
43917
31824
53880
58718
47331
10058
7607
37077
53065
13769
21821
59949
463
23836
29914
45239
12508
60459
38091
60961
51672
51796
13432
50701
31580
23685
64163
35673
37157
20787
43176
25645
61551
55241
14786
14729
18719
34358
4835
31778
37792
32518
55059
8506
50038
59575
61111
46251
11476
37782
20608
13368
17716
43777
20735
47453
34051
26940
35910
33960
30864
9971
48111
28266
51586
30865
1403
56910
54647
53441
382
25796
29572
51291
7662
47090
56855
30053
46326
57521
27300
25729
6347
44301
14801
54991
15283
17151
23185
57817
33960
53775
52823
17395
50272
43881
23868
65014
18160
24551
29683
40747
19255
14563
11301
17069
3537
26045
50982
24999
22799
25306
1168
13578
43273
27109
59172
36563
23111
33951
19407
65492
44382
9603
42464
14057
16845
55947
51699
47596
53629
53371
52133
7206
43990
56975
635
24860
42653
50573
38261
19012
56081
10310
52194
25126
43548
41150
33449
62535
47695
45746
51230
3882
12529
23673
56202
47274
33795
45121
51569
46507
22707
23547
6113
32900
53260
58307
32806
7634
64893
50175
29105
35387
36777
52073
1803
7344
44815
64693
